*COORDINATES
14
1 0 0
2 2.5 0
3 5 0
4 7.5 0 
5 5 2.5
6 2.5 2.5
7 2.5 5
8 5 5
9 7.5 5
10 10 5
11 10 7.5
12 7.5 7.5
13 5 7.5
14 2.5 7.5

*ELEMENT_GROUPS
1 
1 25 BAR

*INCIDENCES
1 1 2 
2 2 3 
3 3 4
4 4 5
5 5 3
6 5 2
7 5 6
8 6 2
9 6 1
10 6 8
11 6 7
12 7 8
13 8 5
14 8 9
15 9 10
16 10 11
17 11 12
18 12 10
19 12 9
20 12 8
21 12 13
22 13 8
23 13 14
24 14 8
25 14 7

*MATERIALS
25
210E4
210E4
210E4
210E4
210E4
210E4
210E4
210E4
210E4
210E4
210E4
210E4
210E4
210E4
210E4
210E4
210E4
210E4
210E4
210E4
210E4
210E4
210E4
210E4
210E4 

*GEOMETRIC_PROPERTIES
25
45E-3
45E-3
45E-3
45E-3
45E-3
45E-3
45E-3
45E-3
45E-3
45E-3
45E-3
45E-3
45E-3
45E-3
45E-3
45E-3
45E-3
45E-3
45E-3
45E-3
45E-3
45E-3
45E-3
45E-3
45E-3
45E-3
45E-3


*BCNODES
6
1 1
2 1
2 2
2 3
1 4
2 4

*LOADS
6
7 1 10000
11 2 -20000
12 2 -15000
13 2 -10000
14 1 10000
14 2 -5000
