*DISPLACEMENTS
1 9.509157270883859e+152
2 3.721690737270503e+151
3 2.0511314705918342e+152
4 1.1301377117039925e+152
5 -1.4339213023214498e+152
6 -1.6165887366523327e+152
7 -3.605388086853857e+152
8 0.0
9 5.683898178976816e+152
10 -5.323637345136753e+151
11 -1.2655507698241926e+153
12 -1.3748728524162942e+153
13 8.847312978414818e+152
14 2.9824172544189047e+153
15 7.263345818013415e+153
16 -5.1774795152756186e+153
17 -8.703430007076895e+153
18 1.4946607751347765e+154
19 7.499243968462002e+153
20 3.619513559091604e+153
21 -4.3278999407175115e+153
22 1.8858101474666933e+153
23 4.882316659177229e+153
24 -1.1730971486522076e+154
*ELEMENT_STRAINS
1 1.8645064500730062e+153
*ELEMENT_STRESSES
1 nan
*REACTION_FORCES
FX 1 -1.6666894477260873e+157
FX 2 1.362836696830758e+157
FY 2 0.0
FY 2 0.0
FY 1 4.818240639271493e+156
FY 2 0.0
